1000
-8078247
8999974
865530
5980355
-7742242
1992963
4861664
3730059
-6506963
8580699
-1931833
-6028278
-1431647
-5654409
-8342625
5548294
7608909
3410378
-5970028
-5415130
-4224742
9946315
-220196
-6501302
-826008
8570457
-9578375
5591409
4263557
9505156
1334916
-3538401
-9581452
-6955762
-1368561
9607863
-5604622
4686230
320331
6844821
1080978
3652374
-9261699
6848892
-929914
6153830
-591813
-8279330
5336245
-4247848
-7865334
1782799
-7870320
-3511227
671726
2690807
-1651545
-230209
9553480
4369912
-5088916
834684
7578372
-791114
-5892811
3087902
4181118
3753316
-653269
5247572
7318923
-875968
5690745
982102
150338
-6278761
-3446284
-448830
751303
-4013747
-771843
8489986
3570978
-5787124
9607703
1637856
-9459780
-3935169
5817700
-2397669
1563009
3460454
3009030
-8108506
-7199380
-3767794
9872453
-8751141
-7334799
4349195
2290718
-9276605
-3598736
8312990
3269731
7089306
-3989575
-555299
-9494716
6816817
-4525630
-8588269
7450042
-4408548
1578794
1583520
-5797013
-6715547
8614073
2066792
-2235562
-1531027
-2929833
1004816
-5746557
-1260035
1285652
6659285
3496228
2853337
4823804
4448182
-7459394
4598398
4450094
2120419
-3481863
2592800
-845297
1190440
2317893
-2817114
4365696
1236941
-8733085
-8276878
9937142
-6021434
-7467753
371026
-3616090
2998138
-1996259
8103119
1193181
-7869582
-4539319
-4368826
7393280
2851272
-6337884
-8647447
-9769497
-7109426
911939
-9610118
1750102
-6311417
-6155280
2642073
1259257
9682823
-8404199
9653984
-512822
5898133
-7449964
7126864
9239284
3182635
-8903341
7666619
-9043416
1356146
7218919
3697972
3248656
-3069799
3512418
-8374098
3777854
1962333
-4169588
-3383448
3887567
-1577510
-6440510
5273959
-9821231
-435454
5645932
4609982
628671
3802947
1440896
-9412224
-6855504
639293
867117
-9711706
3608896
-3545190
-7257191
2306262
6697
5598483
-4118919
3083399
1435111
-1884994
-2202234
2021337
-4030611
-9420881
-1335471
7383846
3425722
-5230474
1520611
-1742191
-9604644
-8387586
-5168136
-2768228
-805675
357216
-2136717
-6483929
2427679
8976052
-2642936
4003805
1411513
4893701
-2388530
2936939
-5322880
1443222
-9084601
-1569667
8761617
-3522719
1992879
-7127440
9134496
7016963
-8752964
4882058
6787961
4782215
934963
-1880812
5609569
353151
-962579
3476061
8729530
8020561
-903383
-8415193
-7394113
-6367912
8527892
703080
-7515618
3124714
5554370
-2354749
5383372
-6274889
-3349487
-1354011
4099737
3174085
4982295
-7447944
4729934
-7809087
-6812
-3008622
4445830
-6171981
-3844976
-9854539
1088492
3482027
6298494
-2686339
3687987
48411
-8144520
4288436
-8000832
-5150655
-7735392
6940210
214659
5901218
-6822386
1249111
6815552
3676555
3864531
397998
-4089415
-2736585
-8513606
3439492
-7545400
8113187
-774879
-7645756
-7353183
-2472059
-7009037
8712724
-6061770
-5319484
1545575
-1632597
-7593911
-3143885
-3470007
8170070
-8376403
3427828
9980630
1928768
8408727
-2509954
-5881569
9471374
6044788
9579582
2060436
-634431
-2616971
-4438022
-3141108
-245338
7676674
-5559234
-7375030
34494
4511045
-7406872
8074014
-6808679
9439487
-6509832
-1342309
-5843475
-1064147
-9961784
5590360
5355326
4585120
3521103
8516526
2855002
9854976
-7071733
2838277
6863435
3415756
9813502
-1716998
-9992371
9088534
9455477
-1162751
4224605
7848354
7455105
1475780
4251656
-5738098
-7082185
-9600070
-3308820
3339761
-1795538
-8958665
-7822367
-9423427
8361423
-9896153
8863179
-907529
-5372068
-4083540
-3381304
2933359
1760103
-4946556
-1910828
-2199411
6769009
3836687
2272842
-1787411
6866802
-4654051
3322178
7114672
-2292239
-3526143
-9982828
1023775
3121853
5570291
7413817
-6283756
82597
530024
-1548670
-2264199
3774390
4196051
5274073
-6379674
-1277509
-5143173
9607550
8311668
7382974
-9696013
4682934
5366341
-6488636
4803505
-4074046
-1231089
7162907
2747813
7960736
804112
9168185
-5755771
5459799
-7704268
-1842325
3868731
-5202872
-5598609
-3687006
1164330
7945857
-2764035
307370
769196
5147015
8544859
-7977165
8747928
-9165269
2281891
6597984
5113422
440818
-2681522
-6716219
3999351
-2391458
5650534
-6256044
-5554950
7597831
7822715
5527444
4127519
-9855356
7899122
1094713
1060969
-9004962
5565334
9976640
6363787
3230017
3676884
-2538176
-2342345
-633980
4234416
9914624
5115963
-3217811
9929069
-8438228
-4008159
9700312
1948338
-3877281
9334395
-1808393
-9827633
-1211272
-9488893
-2975435
3975415
9898011
2995523
-9756935
-879369
-5778146
-2603648
1650662
-241710
-2521742
5348627
3605057
2413970
-6999101
5449064
6410722
1749052
-4175604
8082191
3298893
-5784846
4871415
5415559
7535207
-4774478
4755362
-5271452
-1441975
-6176159
-9934031
-3685986
-7229801
3675198
6941042
-1248076
6005556
8028863
2459925
1740948
8034476
-7016640
-157474
-4470034
6202625
9600980
-3175027
7512534
-6959480
-2128620
6047494
7552384
-4544448
-7742310
9843840
30421
8154528
3083782
-7150461
-1564484
3918935
5699502
442342
7212058
9573540
-9478469
9693958
3585183
8553254
185316
-7782639
3492148
-5785505
8858288
1024061
6727271
7401296
2233626
3249732
225113
-9881837
479410
-4906633
-8824257
2873772
13028
2106959
762199
1151763
1695833
5343577
9731895
-8973615
-8732107
-8565904
638163
-9055807
-3796982
7263157
-320683
3369824
3781342
-4062203
71911
4453390
5862054
-9606470
1566944
3223506
4040544
9050797
-9168601
-9192711
9976696
5915546
6135694
1080773
4801994
1311899
2696504
9869254
5632434
6904390
-3931554
-4550796
8985905
5799946
-2697278
-9813492
-8618269
8326422
2660473
-6891682
7602372
-5233185
3789010
3064190
6491520
-5810540
5658479
-6675764
-344645
-6919872
5863348
5308462
-8427749
585180
4908753
-4399634
-1443668
-3333965
-4582851
4003825
5501358
7569898
2682528
-9159006
-8085477
-4118015
3416049
420115
-4834454
-1171856
-7401142
4899486
-9405524
7972907
-9245348
-9382299
-7176826
-4911493
8637480
7375069
5939132
-5423621
-9331627
9141847
4698720
4115268
4317725
-4059747
242020
8606883
-3414541
-4413178
7350499
3444273
8376728
-4561754
1745979
6909885
237361
7686312
1548202
2981407
-1751536
-2368833
3246855
-2386444
-4216907
-5521111
-3515141
8170200
2655493
-8132270
-6701467
5073620
-894851
-8453153
8901221
5091368
953094
509377
-6064689
-8429883
-8726405
-9384867
4525472
5998954
5219643
2211427
2296303
3145919
4196468
-6970255
7990083
2265506
2840464
8673251
-1877701
2565091
-8133821
-1794133
-8361966
-265470
-4678224
-5830150
-2748283
8019668
6294024
-3243147
-5891042
-6526120
9878236
-8953937
-1320585
6497915
-2261779
3896356
3920129
3590150
-3222174
-6263270
-3084149
-5457096
3719810
4186685
1715654
-8635604
-9309137
2626034
-6235068
9948166
-8633204
1719922
-3986383
6829643
1889251
-7586903
-8859614
2286565
7861309
3524041
521672
1663778
-7757585
806258
-5536851
4321759
-6987240
7245886
-3453158
-7069562
-7449955
-3149472
3291468
-3570866
8261331
7703625
-7290031
-7441198
-9615030
6786132
-2318040
512087
1815642
-9250833
7247317
-3033203
3759747
-5402725
5856484
-8560690
-6864399
8327957
1745438
-9800466
3775105
9889202
4332946
-7409285
5223512
-4515666
2636603
7794076
-659448
2901234
-809442
854461
-9080136
1230531
8407372
-2257412
7615397
1831374
-4320332
4588752
-9296938
1735794
8613473
-4121256
5714910
-1968142
-3059297
8877925
-9307552
-8873961
-1991080
4889510
1960660
3171489
-7816235
-8221313
-5486753
5886342
1427158
-3241891
9857536
-797932
-5122467
-4983428
-2302874
-9203000
6137496
3904126
9666957
8517882
-6446593
807101
-6658855
-5592240
3994593
-9207834
4346308
3362501
7013345
-1284318
4414061
-5421829
-9881828
6579658
5680994
5290179
1282919
-6120724
6473997
-5780402
-8544968
9367211
-5696900
1993529
2767021
-3748222
8405705
5285965
-505078
-4154583
4404574
8953739
-474242
-4838580
-7643139
4968065
3072250
-4912668
5714907
-3025043
-3312034
-5492565
-7941877
523561
3361220
-9911712
-4091022
-1264890
-4291182
5750735
4360866
4264332
4502552
7447152
-4454272
-6054155
9769603
-8534191
-3472535
1589445
1522980
-6934086
-6889866
8319343
7321639
-6942945
-9270436
-9357350
-3748965
5205823
5066092
-3474818
-3379257
4980171
1584766
-1497660
-3472596
-2941935
-6607209
686156
139465
2385651
7592850
8710982
-2062881
1383926
7265106
6326755
-5577500
5686678
2017119
8532188
5002281
-3213646
8629348
-6228875
-4737775
-794946
6382198
602208
-7713693
4903294
-2381590
-3541518
-647216
-2452355
1178772
-5973868
9596284
7562607
236022
131107
-1492356
-5484184
-7992637
-8194063
-9650775
5406915
7193250
-1481858
-3798716
-1232307
9236688
229704
623018
-9648945
6664308
819114
5804585
-3631526
8253174
-1749765
1427229
2403044
25
-3929105
-756191
-60516
4746259
9619898
6210567
1634565
8755682
-9189815
-419268
-4696501
8520439
9956495
-5124734
9314814
-1617652
-1121454
6414996
9946475
2486456
-1982624
6706645
-1754774
-8674373
1251579
