-6235 842
2
5473 11486
971 13963
-6977 4333
3
-252 15422
861 11526
-4680 13376
-16197 -3096
2
-16198 -5748
4852 8018
5263 7418
2
-5559 -190
4490 13331
-5922 8093
3
-6679 -2264
-15278 6840
-9754 14754
-11332 5815
1
-4020 4107
-16113 4820
1
-10877 -8442
-13659 -3535
3
8450 14300
-16109 10926
1546 7464
-13025 -8287
3
-6442 2419
584 1108
2448 4678
-1508 -180
3
5336 13960
1293 14774
-10305 -778
-5837 10472
3
12016 13670
-11069 -2246
-3391 11905
-10896 -8584
1
4521 5232
4017 10703
0
-1541 -1
1
-5286 7404
-3628 8250
1
173 13089
-15542 3921
0
-14530 -3671
2
4406 7896
-9977 14276
-11057 12868
0
-13376 -1430
3
-2607 3487
-3259 -29
-13195 -5644
53 15173
2
-15791 -4069
-240 8644
450 12737
3
-4680 -1730
-556 6799
-14525 1765
-14953 -4870
1
-7453 -5821
-7820 -2957
3
-14010 -12799
-15953 -1314
-6409 12651
9087 15779
2
2929 5928
-9552 -1167
731 9949
0
-7778 12759
1
-8023 13980
11 2805
1
-13448 -5404
-10896 764
2
-4141 7027
36 14828
-6817 -4302
1
-5300 8534
-12488 -5535
0
-1069 13431
2
-4768 1215
-13028 13324
-307 13610
2
8510 11314
7558 13565
-13128 3391
3
2782 5716
1425 9535
-15624 7389
-15091 -6640
0
-12405 1551
3
-982 9525
-13662 8764
-11868 12759
3837 11083
3
-1271 11255
-674 3376
-4922 3928
4596 10344
1
-14674 -3282
-4191 -894
0
-3109 13580
1
-4370 6828
-7292 4718
3
-14259 -6265
-9306 3124
-15718 -11692
-11379 -2013
3
-8954 -194
-8106 993
-14956 13273
-2981 11648
1
-15588 3399
-5101 12215
2
-9413 10788
-11178 -324
-7491 11511
1
-7381 15223
-15765 16260
3
-11362 -9621
-9006 3974
-15295 -11687
6632 10459
1
-11884 1116
7385 9056
3
-13495 -12874
-8399 7072
193 13590
-13900 3334
1
-12195 15726
-15630 -14062
0
-13694 -3473
1
-5953 10542
-3778 7813
0
-13025 -871
1
-15646 13098
10218 11423
2
-10830 6341
-12959 14995
-4847 12989
1
-9760 -5808
9932 15036
2
-7521 4403
-12113 -7116
-4327 9392
0
-9524 1545
2
6755 9404
-5428 14296
-9901 -5063
2
656 5239
-9636 12237
4614 5923
3
-7689 -7359
-7975 -3049
-14233 -1035
4681 7674
2
7672 13988
11686 13932
-16263 596
1
-15921 10640
-6729 527
2
-1297 2582
-12543 5586
-13533 3387
0
-7889 2176
0
-3979 13442
0
-12170 -9536
0
-10264 2710
1
-6298 -1056
-4217 9755
1
-5653 8423
-10374 -9382
2
-15038 -10429
-16158 -2077
-10352 9347
0
-11825 10688
2
-8279 -5979
-2819 12066
-3083 13676
1
-9113 -1113
-15568 -7762
1
-8785 -7376
5433 7787
3
-4173 6138
-15054 -450
-14325 -966
5165 13449
3
14061 15064
-9607 5875
-8170 2923
-2031 -1103
0
-13164 11374
0
-10047 15126
0
-199 4653
2
-7532 5382
2656 5998
-8439 1702
0
9569 15537
2
-3159 14963
9029 13246
-13423 14081
2
-13157 -1714
6918 10502
-10965 9538
0
3833 6519
3
-7217 -55
5462 7174
-3640 6337
-13964 14626
1
-16035 4682
-8219 -4284
0
-16076 13527
0
1292 10373
1
-7818 10049
-15209 12843
3
-4771 7639
-6555 5173
-6349 -4811
-9474 -4669
0
-363 6279
0
-13870 -9087
1
-15242 -6638
-9381 -5503
3
-137 3597
14750 16026
-15021 2866
-15646 -5174
0
15182 16243
3
-16349 469
-7628 -3
-147 2501
-10236 4734
1
2875 6948
-6587 6587
3
4572 10760
-15200 4281
8459 13035
2735 12789
2
11881 13091
-15629 -8499
-1922 5700
2
-11843 -2078
-3661 14444
-8240 -5306
3
-8176 3588
-16021 -2515
-2402 -1984
-11033 13067
3
8682 13230
-13743 13623
-14277 -14201
-5025 4875
1
-12256 -9656
2179 14824
0
1833 12899
1
444 12978
2823 6801
3
-10425 5053
770 8546
-13722 13268
411 3246
3
-8928 7855
-4547 4179
4725 9754
-14436 -314
2
2999 13450
-8180 2502
-5597 -2336
0
578 12707
1
-8767 1
-12785 -7141
2
-4291 13641
3661 14481
-4581 -494
2
-7602 14247
-2669 12155
-16128 12935
1
-2119 14716
-12393 8464
3
-6030 7979
-13318 -7769
4977 10327
-8120 15565
0
-9927 4921
1
-10401 -846
-4843 -2401
1
2544 5749
8326 11115
2
-1582 -1305
3559 4881
3572 11291
3
-4615 10047
-8435 2154
11202 11345
-14281 9206
1
-3055 13293
10619 11614
2
509 15097
-11047 15740
-5303 14491
2
4786 10100
510 1005
-10409 -7512
2
-13518 -10370
-1560 4037
3179 3477
1
-11134 -6693
-4011 11892
2
-9511 -8679
-11627 -1066
-11180 10870
1
-496 8772
-6671 -1280
2
5330 12528
-15208 10092
-5785 -4532
2
7636 9510
7194 15376
-10886 -1335
3
-12815 -5096
-16063 15693
12490 12657
-6885 -3539
3
5981 9643
-12365 9655
-15628 3494
-9461 2058
2
-11818 -10828
-8500 -4013
-3894 10872
2
-13267 -5251
5342 11206
-16109 2706
3
6730 7263
-15752 5105
-15108 -4699
-10136 15580
0
8986 14770
0
-989 8519
2
-4641 -4112
-12824 9951
-11643 3108
0
-12124 7547
0
-14025 -2346
2
1592 5944
-5899 7686
-12288 -8978
2
8015 13601
-9417 6408
-5087 9860
0
-11926 -7748
3
-11469 -233
-8394 -6461
-14525 11055
-15136 6438
0
7001 16125
2
8703 11067
-2837 3541
-10201 -3066
0
-7513 6968
2
-9837 987
3193 3828
-9359 1315
0
-2669 2165
3
5402 16133
-8106 7704
-11845 -2059
-6722 -1031
1
-5424 10504
-11463 8356
3
3585 7083
10961 11615
-16119 -1408
-9587 3512
2
-10958 7945
-14447 -526
-6365 9942
3
-4609 490
4519 16351
6346 7611
-12099 -1572
2
-13435 7300
-14005 7712
-9108 -7155
2
-15889 -3230
-2097 -483
2280 3906
0
-13619 5805
3
3000 14996
-3861 4793
4625 15331
-8865 14405
3
-8236 6456
-4430 8762
4937 15441
-8380 3873
3
-14900 8430
-11722 13432
6231 13698
-12789 15223
0
-13371 -11567
2
-4839 10330
-8176 3949
6032 15821
3
-4505 -1064
-15613 13365
7194 14033
-15812 16224
1
-7989 10022
-5393 12053
3
-1350 6905
-15215 -2304
-8916 7074
-9016 10068
1
-14980 4270
-13332 -12735
3
-2838 630
-6138 -5866
637 10808
-6327 10865
1
206 13054
-5926 -500
1
-15590 7309
9557 12212
0
-16094 452
2
5395 12456
-13635 -1492
13390 13994
1
-11748 1329
9163 13089
1
-14261 2916
5582 14015
2
10469 14486
-8609 3410
2154 7111
2
-8248 5498
-9688 10765
-11283 -6779
3
5349 7081
-2122 2849
-7735 9617
-7548 4962
2
-13635 -3845
-15505 5642
-4721 -2303
3
-1089 1547
-7221 1905
-4857 11462
7265 9666
0
-15746 -11868
2
-3754 -2546
-15044 -11981
10487 12832
3
-3347 -30
-2130 7101
-3828 15931
-2883 7868
2
-11097 15640
-13456 -6420
-9517 8582
0
-11320 14411
0
-297 430
1
-14335 -4170
3199 14492
3
-7735 7468
-14658 -121
-5702 1145
-2461 -480
1
1027 4520
-6665 -4672
1
-5748 12401
-6911 16183
0
-13698 -8270
1
1668 3354
-7928 -3607
0
-1079 6705
2
10183 13790
-5198 14434
-16006 -4716
3
-1686 11847
-7239 16011
-15123 -6537
-12039 11175
0
4205 6136
0
-4590 10550
2
-14393 924
-6017 3871
3852 9124
2
-15473 -877
-11875 15217
-8262 -6041
3
213 9461
-3702 15727
-3821 -2820
-11424 5118
3
1169 6564
3077 3635
-16154 -6722
-5859 10537
0
-2478 -2255
2
-5366 2740
-1204 3077
-5213 -3228
3
-3662 13790
-1497 15370
-2325 15432
-14334 6849
1
-11951 -2605
-13661 5490
1
11945 12320
-13338 8627
2
-6912 -1366
-16209 -4849
-3838 9213
1
-6960 13356
-7293 -859
2
-6224 10114
-9788 -5293
-406 5131
1
583 12393
6566 12109
2
10747 15229
-7062 7966
-14397 13580
1
-9082 -3330
-11292 901
0
-13844 10955
0
-4192 13393
0
-5744 -1269
0
-3569 11597
0
-3329 -1009
0
-14794 -8300
0
-8056 8817
1
-8860 5278
-1921 5980
2
-9596 -5258
-15010 -9628
-1506 12032
0
-11031 3354
0
-9956 4426
2
4297 8490
-10775 -4154
-10800 -6681
1
5810 8250
-15547 9064
1
157 13803
3568 14113
1
-12209 -4363
4241 7997
3
-8932 3276
-4019 -1333
-11566 8811
-11290 -432
2
-2518 4315
-10516 1619
-14237 -562
0
3877 13577
1
-11129 15269
-1585 10611
0
2646 12853
1
-9052 13917
-13345 -7512
3
8106 11415
6316 7059
-11120 -6102
-6227 -5856
1
-12108 -10337
-5328 10985
1
-11584 13714
-250 3785
0
7900 12612
3
-11555 -8258
-1736 1548
-3553 13723
-8798 309
0
2092 7749
1
-9095 -7439
-2732 8473
1
5380 10225
-9943 -3880
2
-6994 9976
2881 13762
7970 10240
0
709 5133
1
3413 4946
-9989 15510
2
10738 14053
9151 9981
-8378 11930
3
-7479 11683
-12241 -8023
-10996 14761
-11160 12184
1
-15097 -1134
-5071 13435
3
-13278 686
3231 3982
-9410 6901
-9531 5220
2
3621 7221
-4028 14179
7816 9137
0
-8930 7988
2
-10079 -5991
-7304 -2787
-299 11013
1
-12569 -1294
-7053 -131
0
4560 14716
2
-1945 10582
4088 14397
-9114 2889
3
-5112 4619
-12004 -9486
-5939 8853
-7181 12391
3
-3940 -2727
-12951 -12316
-1027 14148
-6015 5980
2
-15089 849
2284 3175
-15871 -3199
0
-7727 3001
1
267 6129
4647 14017
2
3591 13002
5999 8444
-14652 9413
0
-7110 -1800
2
2476 8680
-14631 4929
-12504 -6020
2
3953 7263
-5905 -1842
-13442 -6989
3
4648 9356
2430 10539
-10401 -8947
-6231 15299
3
-10015 -8791
-10164 13196
1273 11115
-2329 8404
0
1464 15483
1
10370 11853
-7279 4470
3
-12900 566
-6980 15967
8206 8234
-9887 -1614
3
-8866 14260
-87 241
-6705 102
8315 10541
2
-4481 2063
9056 16123
2212 11958
0
-12052 3916
1
-14479 14925
-5662 11454
2
-8295 13724
1938 3821
-15356 12074
0
7945 14845
1
-5578 9277
-2847 11793
2
5479 8237
-8250 2715
-3806 8975
1
-12291 6524
-16212 -15892
0
-11863 15734
1
2865 3510
-12967 -7050
1
-392 12517
-11462 -10353
1
12883 13644
-11978 -9927
1
-4198 4461
-14025 -4501
1
6090 7440
10680 15336
1
-4557 -4324
2625 4942
2
-9099 -2234
6148 16375
-12272 1975
2
-5210 762
12949 15669
-15597 610
2
7588 11759
-8550 -487
-7726 -293
1
-846 11136
3203 11846
3
-15037 3326
-9995 -879
-8548 4641
-6897 3381
2
-2005 -366
-3910 6578
-10789 5140
1
4276 14554
5487 15070
0
-15269 -9460
3
-7106 7086
-12962 7712
-9027 8899
3148 12974
1
-5410 12859
-11694 -9318
0
-13002 1554
1
1608 7751
10452 16099
3
-15704 -2627
-14977 7426
-16104 -11117
-1474 7203
0
5566 15466
3
-12511 15568
-13319 9495
-3405 7344
3252 8132
3
-6974 13713
9003 13328
2457 13791
-8474 6246
0
-13720 -13050
1
-8928 673
-9915 860
3
-15316 -546
-16003 10372
-1324 7552
6953 16326
2
-2906 1427
-4115 7649
-7848 -407
1
-10254 383
-888 8443
2
-3058 6003
-15455 9288
10021 14236
0
11170 16071
1
11357 15161
-5631 11539
0
4268 12345
0
-14998 4141
3
-8471 7585
-15257 -4716
-16255 -2881
-4099 -925
2
-15345 -8506
2369 4526
-8664 13256
3
13873 15934
7180 8565
-13441 -8715
-14733 -8696
3
-5054 4927
6537 14899
-15885 8686
-145 11157
2
-5332 -5062
-13284 10347
2708 13841
0
-16337 13420
0
-15784 -6286
2
-6732 -3041
-13932 -13908
3012 5330
2
-12249 -9957
-12688 -6247
-14236 -9792
2
-11507 10508
-5594 10236
-14757 14944
0
-3797 4274
2
-12259 -259
-9833 4096
3879 7110
2
5426 11867
-12251 1145
-7396 8170
1
-11911 12907
3734 4308
2
-10927 7690
5796 8786
3079 15652
3
-12860 8268
832 6950
-6142 10876
1676 11971
3
-13917 15503
-1322 2775
-13709 -4953
1729 3189
1
-10017 16151
-13324 -5578
3
-11651 -5843
-8423 12001
-8587 10381
7578 9974
2
-13627 13839
-3773 1874
-4745 11071
1
-2809 12691
-16266 -15876
2
-13695 -7175
13578 13747
-9980 -214
0
8686 14789
0
-13808 11994
0
7980 8609
1
-13449 10053
-14191 -3465
0
620 11383
1
-15571 1940
-13462 -4103
3
-7951 9158
-15739 13168
-6179 -4928
7044 11364
0
2098 10654
1
-6157 14968
-10211 -8132
0
-16203 1800
2
-5689 14797
4173 9925
-6245 14829
2
-1377 9925
-5478 -1220
-13637 -2953
2
-9549 954
-10959 11109
-11573 6150
2
-10381 5547
-11403 4841
-9254 -4451
1
4084 8280
-9282 6403
2
-16135 -4381
-13518 13597
319 2695
2
-14634 11991
-16264 -8114
-3262 5157
2
631 5312
-5472 613
-9 1785
2
-9065 126
-16080 6931
1130 4610
2
2722 15417
-5660 -3758
-14846 2078
3
-5240 -2497
-9180 -1326
4744 14376
-13695 11580
3
-11693 12219
-5211 9043
-4021 1159
-5089 9056
1
-10650 -8016
-16302 5707
0
-10372 -5344
2
4429 5683
2727 4251
-12033 -1953
1
339 812
-11792 4810
1
-15926 -5860
-9215 3026
1
-11829 -3388
10977 13025
3
7188 15904
-13138 2341
-1900 7770
-6828 5061
1
15728 16328
682 5477
2
4933 13250
-8535 -4386
-9659 2646
3
-15789 -15558
-13412 7423
-1378 15060
-12661 14083
3
3253 8740
-6234 6323
1019 3046
-2108 5233
3
-12334 13222
10388 14802
-15540 -8575
-2978 14674
3
736 5895
-8929 5723
-15782 -3599
-15594 -7473
1
1776 16378
4285 11589
0
5377 13820
2
-11714 -3156
-6062 14662
199 4310
2
-11346 14449
-11641 -5012
-7969 -1783
2
1233 6076
-13233 123
-1383 7909
2
4127 11625
-16098 -3716
-8899 -4328
3
-16144 7711
6260 9563
-4030 12102
-814 8088
1
3306 5631
3732 14846
0
-13963 9979
1
10224 13930
-5171 11989
1
-15455 -4118
-4288 15317
3
-11891 322
-14720 -10267
-14538 -8460
-8807 570
2
-13903 15734
-15708 -7920
-10256 15159
2
-756 11182
-2042 1233
-10092 10306
2
14879 15217
-281 9563
-11528 -5522
3
-13216 -8369
1790 15257
-7843 -6441
-5957 8210
3
-13697 9783
-11693 8421
7767 14434
-8493 8223
2
-1494 9914
8381 10584
-13773 2523
3
-12095 -5222
-4040 9275
-5529 6725
-13424 13116
2
-4391 3456
2909 15287
-4161 5553
1
-10841 7353
-4173 11091
3
-16284 12784
11609 12115
2436 2530
1284 1736
1
-9617 -5035
-13834 -4931
3
2632 9461
669 16322
14254 15616
-15634 2556
1
9216 15273
6902 7042
0
-13458 -3045
1
-3416 2264
-13003 -4242
3
-6817 9546
-14774 -466
-10931 -10031
949 8137
3
-10351 -7092
1493 4413
-16187 -5112
-12931 6599
3
8190 13912
7976 12250
-5871 7316
-10160 8655
0
-5300 948
3
-13897 10960
725 6454
-10140 15145
-5495 5342
2
-16306 -4231
-8718 2985
-13432 11070
2
1667 11207
-13145 10540
-14273 -9157
1
5993 8054
5121 13645
0
-2924 5641
1
-15880 14968
-13290 8982
1
-1853 1153
-2328 -50
2
9639 12501
-6982 9400
-1325 11851
1
-553 1775
197 9513
3
-8641 -4224
6564 8358
736 16181
257 8606
0
-3152 10096
2
-14264 13451
-11288 691
-7409 14777
0
-13554 -11205
1
12321 14277
-15633 2531
2
-14024 -13705
8543 16125
-9533 6937
2
-9493 119
9075 12117
-12118 -2113
3
-2327 14740
-15436 -8216
-13479 13878
-14516 -7416
0
-10094 1206
3
-12901 -12797
-10749 345
9349 13579
2698 14371
0
-14546 -9963
1
-14623 -5987
-11952 13617
1
-8216 -5394
-10576 6241
0
2384 14402
0
3486 16238
3
-2896 260
2709 9545
3626 10014
-14090 -12833
0
-8654 -7766
2
8881 16119
-12793 -3341
-15146 -10573
3
-13552 1648
-15337 -12636
-10806 -4180
712 1214
3
-15506 -7627
4078 4750
-10205 -7344
-10005 15572
3
-6632 -1668
902 11487
-1486 4121
-16177 11170
2
-1358 4801
-8279 5977
8058 14271
0
14490 15895
0
8637 10130
2
7755 9040
3133 3544
3899 15105
3
-15516 -13236
5143 10434
-3333 4863
-9681 -6566
1
6375 8310
-12196 -1815
2
3047 7540
-10534 -10098
-5606 6635
2
-14172 -12329
-10658 3581
-12169 4543
2
9159 14579
-9370 12818
-11808 378
3
11714 15831
-14671 -11829
3232 15154
507 8367
1
-15016 -1300
-6086 3348
3
7264 11337
14641 16133
-10526 -8114
1490 11453
0
-15397 -8
3
-2326 6926
-9490 885
-15233 3870
-5247 8332
0
-10699 1046
0
-15170 -13798
1
-11751 9831
-13682 8082
0
-9669 8420
1
-8371 3077
-6308 -1948
0
1361 11585
3
-12227 -3230
-12693 -3279
-1594 10457
-10654 -2932
2
10718 11602
-3223 5590
5535 13801
1
-7869 10366
-2934 6384
2
-11069 11184
-14939 -6968
6984 14894
3
-8829 -3691
7099 14908
-6339 -3119
-12901 -4018
0
-11683 -657
2
-3272 3626
-16197 8686
-15584 1495
0
-13397 -251
1
1907 3117
-5380 4567
1
1559 7403
-6592 13202
3
-14870 -14381
-2863 9656
-1079 -777
-10248 2445
2
-11668 -7095
-9492 1750
-6029 7676
0
-13253 -8070
0
-8215 8558
3
-3978 10263
-4232 6912
-12477 -3984
-5540 1657
0
-8296 16034
0
-11777 3707
3
-2584 3329
-13716 1028
-15830 -373
5463 5784
0
10620 11047
0
-3617 9055
0
-15296 5425
3
-4943 -3897
-5377 6308
-14058 11261
2731 12810
3
-6482 13256
-3568 10927
-1045 14592
-8887 8277
2
5148 8412
-3001 7386
-13001 -1840
2
-8988 899
7291 9912
-11973 2283
1
-10325 -2238
-11078 -9146
2
-10268 11917
-4680 6820
-13184 9265
2
-457 13701
-4857 5824
-10504 15625
0
-14911 -13724
0
-13918 -4589
1
10277 14380
-13206 6930
2
-3432 1665
6195 12259
-4723 2
1
-648 4199
4935 12039
1
-7795 14090
-13256 9550
2
-14462 -1220
-14934 -14679
4170 16289
0
-13155 11477
2
-3380 15902
-821 10001
-7078 576
1
725 5209
-11947 10078
3
-12589 -9992
-1711 14953
-4148 1508
-9166 -224
1
216 7592
-801 8205
0
-920 14941
3
4601 15545
-14196 11562
-7846 10651
-10748 -9023
1
-14250 14718
-10810 4415
1
-7978 11432
1852 15293
3
-14890 -14416
-2860 4933
-15942 -9874
-15217 -7118
3
-5960 7017
-14222 -9884
-12794 2295
-260 10018
1
-3822 8691
-6340 6988
2
-3813 -79
-1324 9456
-9777 275
1
-2229 14748
-15836 5603
1
4668 8001
-8221 -907
2
670 12114
-12628 14446
-6051 499
2
-15734 7103
-14870 11205
-8119 10352
2
-12772 -8066
-5276 15392
-15649 4859
2
-10427 14666
-13859 1061
-11223 11291
0
-3672 10003
1
5947 12212
-15276 -15083
3
-14121 -10058
-3995 11104
-9073 -4221
-13000 13374
1
791 3741
-16293 -9542
2
-6998 -1329
-5871 -3799
-6622 11890
2
7383 15250
211 6367
-6325 8689
2
-7451 5413
-6931 15089
-9675 9709
3
-6317 10994
-4262 9478
-12585 10085
-13937 10361
0
-12863 627
3
-10970 10394
-15466 -6225
-12975 -8738
-14490 -11394
2
-13121 -9965
11840 15063
-6615 10227
0
-7675 13890
1
4194 14302
-12757 15982
2
-2569 6487
-16149 -4044
-12992 -2425
3
8639 13325
-15512 -7085
-13415 7947
-13941 -1269
1
-15874 -9941
-13248 13314
3
-4037 7538
-8228 3026
-1485 5507
-12864 13772
0
-10985 4361
0
670 14023
1
-7997 -5416
-7606 13666
2
-11882 3457
7943 15096
-12827 15676
2
-11507 7341
9124 13179
9738 15032
0
-4790 143
0
-13614 -5944
3
-12155 13810
-2578 9355
-610 12550
-3272 11213
2
-3581 -422
-3605 5228
3103 15226
2
-4326 6581
-14202 5516
-15012 -14394
0
-6089 5472
1
-10493 7448
-9092 10950
1
-6454 -4148
4629 16272
3
-4721 6043
2413 4601
-14985 -12154
-11546 14388
2
-14553 -10750
7342 13826
-9669 -912
2
1471 3567
2345 3622
-14785 13285
0
-8216 5843
1
-9620 7399
-6232 3851
2
-13882 15119
3274 9806
-10601 8370
2
1422 12668
-12540 15561
1908 2972
3
-356 2836
-6848 6709
-3269 13461
-5451 -5398
1
-9608 11888
-6296 1729
0
-2279 15562
0
14018 15865
3
-5230 -5168
666 6205
4331 5240
-7591 1782
1
-240 9580
-14656 4122
2
-14482 -9637
21 15809
10179 10439
0
-10977 -10703
2
-15761 3465
8334 12501
-16009 -3570
0
-9598 -6942
3
2182 7884
-11857 1583
-14380 -1519
6187 8613
1
-14967 -5513
-15932 1979
2
-14915 -2704
-13980 8755
385 3768
3
14098 14442
-5497 -1191
-7203 -3644
-10051 14919
3
-8043 5989
2616 12231
-13339 9624
-3892 12869
3
3119 10525
1241 14939
-10891 -2023
-2357 13623
3
-15186 5695
-6107 13625
5991 11309
-12222 5732
2
-13612 -7795
-13070 -2219
3452 3704
2
-15101 9066
-10761 9142
1861 5580
3
2108 2276
-15372 -4883
-11749 -48
5492 13868
2
-5969 5714
-7641 5321
-10114 5844
2
-3850 3744
-4655 1036
-12229 1730
1
-16239 4563
-10535 -326
0
13075 14919
1
-7456 7572
-361 10133
3
-10686 -8754
-12671 11291
-4499 -1540
-9260 4840
0
-6339 80
2
-15864 -6927
-5279 10369
-9801 1757
1
-14954 -8033
6771 10623
1
-7673 392
-10334 3503
1
801 16129
-7724 7487
1
6301 8474
-11244 7324
2
-14950 14222
3612 9202
1705 3293
1
-13255 1694
-14506 -2339
1
6002 6500
14730 16167
0
-6010 307
1
-6499 1181
12897 15778
1
-16098 -12084
-3429 -2648
1
-4993 13168
-15641 -5441
2
-16318 -6608
6622 12637
-6977 1069
1
4262 6147
11359 14917
3
-6829 -2498
-15587 12349
-9734 -7471
-7109 8640
1
-16338 -15210
-2968 10552
0
-4901 11872
2
-9763 14442
-2730 1642
1622 5820
2
-15994 738
692 10765
4568 9242
1
8974 12587
11355 15791
0
-7562 13250
2
-13010 9256
5171 15575
-15790 1720
2
-12480 11414
-6595 -1859
-4153 5034
0
799 6714
3
-9916 9664
-6118 15144
-12882 -12121
384 15023
1
14938 15274
-13871 -10603
1
-12930 4925
-8076 12334
3
-7903 -512
-8547 -5487
-129 3806
-12615 -4369
3
-3758 662
2784 16063
5537 14402
13205 13654
0
-7392 8498
1
-2776 15937
-15534 -12780
1
-11624 11287
-14002 -12630
3
-15132 -536
-1789 1120
-5774 3925
-11893 14412
3
3844 14875
-4637 4290
-2140 3111
-884 9820
2
3616 12967
-6045 8043
-10592 -6689
3
-9793 -6160
6960 12290
6480 9729
-13208 7008
0
-11782 12358
0
-10468 4118
1
-12731 15527
-16324 -3871
2
-3972 1998
-4764 2492
372 6335
2
1277 10524
-10238 9193
1508 2618
0
-1506 1768
1
6911 11568
-10337 -7751
1
-14030 11578
-7764 4387
0
-241 886
2
-15513 -1920
-4941 902
-11353 8526
0
-10363 7908
0
-4079 10886
2
2871 3209
9598 13111
10616 11199
3
-15890 14460
-12783 -1378
-5971 130
-16316 -1663
1
-1528 13649
-10289 716
1
2756 13263
-4284 -1731
3
1922 2424
-1902 3022
9047 13485
-10827 9400
2
-8419 2362
-16170 -16108
-8471 15069
3
-7846 6657
-2471 13013
1130 9365
-8476 5567
0
3967 4757
1
-11927 -5162
-8964 -144
3
818 3083
-6632 157
-209 5963
-11171 11100
2
-15527 10579
-16021 11660
-4301 4313
3
-14728 15900
1811 10436
1073 6137
830 11662
1
742 809
-12678 8696
2
7326 8634
-3278 2352
-9162 864
3
-5158 13085
-14157 4338
1964 15292
-10107 -6437
3
-15197 -4470
-14851 -90
-834 9488
-16139 -7633
3
-11448 11466
-15811 -1526
-5776 2121
-8180 7380
1
-9798 -3727
-2788 13600
1
-6898 6831
4178 11036
0
-1590 12880
2
-14316 868
-10833 -9929
1249 1409
2
-12806 -729
2815 11807
7038 7864
0
5892 14287
3
-6460 6637
-16251 2407
-12494 3441
10084 13256
1
-8296 7031
-12206 -4321
0
-1042 3561
3
12712 16182
-15729 -14435
-9247 15485
-8636 -4591
1
-1822 6359
-6518 15717
3
4516 8129
-13183 -8605
-2438 3934
9272 15599
3
-12999 3447
-14347 398
-6941 13657
6620 10116
0
10054 16182
1
-8963 5964
-7017 13293
3
-11620 3742
-14121 -9113
-13867 -7609
-744 3764
0
-12572 4892
0
-6884 -4070
3
-269 1257
-8694 14721
-7995 -4765
-7737 10073
1
-16172 -5389
-14463 5422
3
3407 12196
3037 3590
-14638 -13716
-11818 -8478
2
-8733 15870
-15632 3100
-13163 -12521
0
-5920 5060
1
-1473 15653
-12044 1217
0
12694 12882
1
-9923 -2154
3602 15671
0
-10116 -5167
1
5988 8011
-11038 -4355
3
-15907 -9398
-2884 15233
-4841 14959
-13325 5286
0
6422 15752
2
-13990 -7757
-6117 1112
-6017 11068
1
-15033 -6872
-3163 5735
3
-12774 -6074
-3826 7683
-12965 5984
-15187 5018
0
-16107 -1189
2
-9836 -8389
-15176 -4977
-16270 14812
2
-11790 13613
-1669 6760
9744 16129
1
-13284 -8379
-2722 7906
1
-10225 -1585
-10306 780
3
-9181 12003
-15677 14830
-9328 2033
-12665 5440
1
-10002 5564
-9256 16116
2
-13550 6323
-13666 4013
-14264 12319
2
-15244 -8163
-15310 11441
-5634 -705
3
-11929 -611
-3513 15494
-14392 -11605
485 15679
0
-8707 6503
2
-14537 9033
4668 11584
-13146 -6910
0
-13930 -11643
1
-1671 7158
4186 14559
1
-11388 4208
-13473 706
0
-12613 -2943
0
-11417 4385
0
-4035 7406
2
479 12823
-15771 12775
-5276 -682
1
13563 15669
-2618 14522
2
-14839 -10606
6137 11924
-11604 -6
0
-10785 14974
3
-12150 11425
-5468 -964
-9330 -4252
6572 9028
0
-4133 8339
1
3367 11884
-6320 3381
2
11312 14514
-11798 2432
-1304 14336
3
-1955 8349
-12212 279
-11356 -7562
-8699 231
1
-2208 2783
-5787 5286
3
-1716 4109
4187 7257
7395 16340
-10051 10157
3
-15607 -4587
-10332 8122
-11190 4034
-4087 5486
1
-6351 -582
-6363 -2425
2
-16335 -138
-1270 16207
-3478 3073
3
-14574 -13747
12150 13163
-2352 1874
-7302 -548
1
-2890 13611
935 12418
3
-13018 8156
-10093 14516
-5298 5817
-3180 14029
0
-16345 5619
0
-16169 8937
2
-14806 -11598
-4037 6095
-10477 16224
2
7070 8956
-3100 8871
3327 11935
2
-12060 -8436
-13067 13293
-10483 -4112
2
-950 11954
-244 3307
-7971 10626
1
8595 14238
-11622 4769
2
-14196 14534
670 9160
-14340 12411
0
-13036 8175
2
6748 11666
-13916 -8079
-10547 -651
1
-8121 -5271
5607 15747
1
-5108 683
-8386 14212
2
-16146 5862
9795 15291
-11252 13348
0
-13099 6044
2
2990 7503
-15004 -5307
-14082 -8116
0
-13466 -6369
0
-5466 -2681
0
-11400 3273
1
12111 15486
-463 4421
3
-15791 13459
-2117 8529
415 13976
-8892 5586
2
-12165 5407
-11689 264
-1715 1621
2
-7004 -4552
-15707 -477
-5873 3574
2
-7233 12828
7192 12143
-14647 1214
3
-3297 14645
-6489 10114
2540 8446
-9756 12607
2
-2783 9715
31 14805
8212 14010
3
-1173 521
-16082 2097
-447 2910
2731 6831
3
-7920 2990
-8214 7175
5621 12861
-7518 10626
2
-14816 -9828
4824 9529
-10297 -5072
2
-14507 -2051
-10749 10412
-7992 12794
2
-12893 -4531
-12072 -11549
-5119 -4983
3
-15937 4898
4702 11346
1959 7939
-13025 7877
2
-15341 -7960
-13614 -468
3483 12939
0
-2243 4517
0
-16305 -10517
3
-8742 15372
-7891 11247
-12347 13200
9829 15609
3
-8942 2734
4564 12780
5768 7272
-6638 -6510
1
-16340 -11614
-16235 5737
3
-12339 11000
-13262 -13158
-6073 14319
-14181 -4983
2
-4130 6439
-4186 14026
-10919 -2014
0
-12504 15742
1
-8860 -2232
2318 12144
1
-6003 -4339
-9230 10048
3
-11354 1453
268 3165
-5405 4541
-6473 8737
3
-16305 11486
-16171 13821
6245 11029
14307 15395
2
-12674 -3533
-520 15552
-6492 -6485
0
10645 13363
0
-12335 404
0
-7115 8686
0
-4403 4019
2
-1891 2635
-14870 14936
2335 16172
3
-2501 5127
-9661 10350
-2709 693
-7646 635
3
5968 11653
1483 12329
-5691 11972
10380 11994
0
-15207 -8751
1
-10445 277
9140 15915
2
12960 15258
-12365 16369
3757 11969
2
1552 12112
-7013 14760
-13271 -9200
1
-14798 -10518
9059 15186
2
-14595 7239
-6911 -3728
-14098 8848
1
-14419 -11294
-12973 -3903
2
-10160 10557
-13172 7399
-2605 6148
0
-11216 7122
2
-8455 4742
-13040 -5763
-1624 11219
3
-728 5926
19 1306
5154 12988
-9310 6317
3
-13892 13905
7672 11298
9019 11655
-12552 6519
1
-10026 1440
1820 3421
0
-1769 -604
0
-3757 9330
0
-13613 13123
0
-9700 7009
2
-5952 13325
-7756 9575
-5787 9936
2
-14472 -3888
-6656 3528
-958 10322
2
-13312 13160
-15614 6005
-7533 -6275
2
-3564 16193
-7170 12471
301 3507
3
-15440 7877
-8123 2806
1581 3520
8717 13853
3
-4481 15458
-11356 2697
4349 4852
2232 2496
0
3325 8948
2
-13918 -5751
-3219 16249
-13894 5431
0
2918 5635
0
-1815 7094
3
-14604 -9185
-4880 8203
-8923 -4995
-13287 15739
2
-4370 7082
-4315 14341
2675 15455
2
-12371 3710
1785 11288
-11752 -2088
0
-13098 6091
1
-6651 5147
-13004 15153
1
727 16259
-9719 10008
3
-13537 14372
-8107 4468
5412 9746
7706 11056
2
2891 5760
-12817 -8186
-829 863
3
-13036 -5492
-157 2908
194 1281
-8382 8134
3
-9762 8191
-2616 15434
-3557 -2970
6449 6970
2
-11367 -6434
115 7884
3730 10225
0
7630 10385
0
-15694 -8686
0
-11464 16332
1
-13415 7592
-11137 4325
3
5408 9771
2484 11990
-13643 7306
-5608 10352
3
-11324 14828
2836 14980
9662 14623
-10412 1208
1
-10477 -10052
-14128 3282
1
-14000 -9830
-15581 -4383
3
-14758 -5166
-16271 7259
3252 11448
4945 15831
3
-7603 15988
-8035 15553
-9685 -9069
4794 5060
2
-1488 10910
-11176 9199
6064 7952
2
-836 16203
-14137 -9674
-8400 -2353
2
-4596 6521
-13366 4559
-15068 -4677
0
3679 13384
3
2534 13161
8810 12010
-15043 167
5657 7246
2
-2513 16015
-11313 -3178
-3586 398
3
-15010 5652
9389 15772
3157 13538
-9843 -1116
3
-2855 -1660
3815 4103
7826 13983
-5134 13580
2
-4134 2716
-11611 -3305
5030 9360
3
-14277 -8712
-7638 -5449
-7371 -1118
-12715 1254
0
14566 14841
0
-14325 -9567
0
15579 15818
0
-3610 15138
1
-14732 9833
3846 11558
2
-4046 611
6766 13984
-11765 -3995
3
-8263 13620
9471 13487
-11469 1324
-9744 -9045
0
-3810 9739
1
-14848 -4925
-16173 13305
3
-9521 -397
-6334 15838
-827 3728
-10818 -6510
3
-4337 2100
-16351 -4587
-14396 579
-15658 12044
2
8695 11185
3132 12387
446 5110
2
7773 15915
-243 5682
-3818 -1405
1
-7699 1765
-14633 1397
2
-11794 -3102
1614 13915
-5159 11749
3
-8321 15951
-796 10517
-7285 -6765
-7097 5632
1
-15887 3503
-6509 7361
2
-16379 4120
-10537 -195
3262 10338
3
-7458 4934
-1650 4752
-3452 10860
-10961 -8923
3
-14434 3971
-14346 6147
-4912 14606
2208 6423
3
-9223 -249
-8740 -7374
7660 11733
-14638 14256
2
-16174 -5397
-8958 1340
-14093 -12733
3
-11915 1036
-4335 -1675
-14650 3638
-1233 10892
2
-8392 -4735
2708 7950
1799 5088
2
-13036 10344
-3163 8711
-3318 15360
0
-13713 -5967
1
13525 15455
-7030 12937
1
1584 6532
-4740 498
2
-4623 9020
738 1019
-15198 1285
2
770 14642
-3308 11993
-16087 -13605
0
-15306 823
1
-15547 14617
-4336 6251
1
-8375 -2826
-8390 -540
1
-8650 -400
-14197 -1587
3
5681 11680
2940 3193
4407 10832
-12259 3457
0
-9146 8608
1
2243 10757
-9250 -5358
0
-9481 -8024
3
6008 8690
-5008 -166
-16310 5866
-2468 5353
0
4117 7855
3
-9445 -7966
-2098 12179
-396 7765
-11182 15036
3
-9944 -3673
-11692 -3628
-15962 11252
12934 15455
3
-8719 14769
5791 12421
-6073 -5279
-6959 4131
0
-12687 12567
3
-10637 13724
-15765 -12959
-13123 -9743
-33 16053
1
10093 13440
-274 1460
0
-14384 -3954
0
-7867 -6599
1
-10811 10101
-15389 10593
0
-7513 -2008
1
2891 15943
-9458 10693
2
-3318 3151
-3932 -1234
-4120 16282
3
-9301 800
1232 6367
1224 8182
-13473 4935
1
-14167 14498
8069 9740
0
-1933 -574
1
-6078 -330
-10594 13172
0
-10385 -4570
2
2772 6479
-12749 5842
-11411 -9917
0
-14435 12632
2
867 3815
4367 8095
-14474 -13048
3
4166 4794
2930 10563
4266 7287
-11559 10963
0
-4808 -3066
3
5448 12945
-15635 -3367
-1849 34
1341 12166
0
-7892 14298
1
-14493 -5437
-7692 3940
0
-14333 -1603
3
-8971 12605
-12460 11930
-15831 -13767
12513 14628
0
-13203 15678
1
-14919 -13958
-5412 15200
2
-1158 12206
-12810 4226
-11875 4116
1
-16193 171
-15476 -1449
3
-4848 3624
4133 6751
-14855 2291
-15767 1618
2
-1184 4164
-2327 169
-3103 1081
0
3754 3893
2
7104 12347
-6119 6908
-1962 -905
3
-1784 10585
-13891 -2665
-16204 -14854
-6753 -5238
0
-6320 -6240
3
3682 10826
1694 4651
-9251 1662
-12753 8396
1
-2447 3929
-10268 9053
2
-9898 -6430
-15955 8941
-6284 6815
3
-6391 8324
-15137 -7471
-8319 15506
8436 15041
0
-13425 -6435
1
4320 9481
3644 10876
2
-7047 9837
-7479 -5041
-15523 -10323
0
-2989 7392
1
-7586 16081
13547 13868
3
-6201 133
-1275 5230
-8967 7834
-9013 -7034
1
-13321 3040
-12727 2190
3
2761 4550
-9108 -437
-5280 14688
-13816 9710
2
-4762 -2179
-5245 3242
-13597 10762
1
9865 16043
5128 15973
0
-10968 10453
2
11021 11805
1442 11428
-6987 5545
0
12255 12783
1
-10442 11100
-7639 8663
0
-9794 2483
0
-14418 4760
3
-15118 7551
-16045 10509
2544 16144
-3548 3432
3
-13255 4063
-10398 -6728
-7795 12615
-12454 15906
3
-3629 4212
-15275 11527
-14788 -14514
-14481 -3815
2
-7295 -2524
-3711 3763
-6784 12133
2
-3494 7410
-6593 4463
-6401 -2062
2
-12368 1777
-3284 -825
-9465 9727
3
-10679 5238
1555 8141
-15134 4057
-92 11370
2
12878 14334
-2528 1227
-9253 2077
1
-11646 -2555
5554 13651
1
-14823 -10725
-8064 12049
2
-13065 -8820
-4110 13091
-12995 -11117
1
-3077 9316
-15350 1905
1
102 5645
-14227 8206
3
-6548 -4402
-10700 -327
-13063 5709
-15570 -10055
0
-3907 -3084
2
517 14793
-14360 -4637
-3826 -2097
2
-10942 12262
12128 14958
-2877 324
0
-13987 -2961
3
-12662 7965
-993 1879
-14310 15042
-7952 -3582
1
-152 -26
-13488 15252
0
-11997 5829
3
-6053 4617
-10481 -2877
-8317 15383
-8985 3125
0
1358 5220
1
-4792 -723
-11183 -9610
1
-14628 -10918
-9092 4112
1
-11180 14311
-1657 12353
3
3830 6841
-6400 -5490
-15295 -5213
-6949 7586
3
5449 12320
-10179 12406
-14020 13528
3431 13910
2
-83 3274
-11268 8427
-3399 -2770
2
5207 10598
-2620 326
-618 15267
3
9212 10395
-10494 13453
-5898 -5070
-2721 5214
3
-9388 6514
-3391 7837
15077 15265
-3741 7815
0
204 4175
3
-7156 11371
-9071 -3012
-7233 12685
-10106 13494
3
3303 6841
-13935 -7943
-7795 7608
-11505 8674
2
-14065 14794
550 11783
-13098 14297
3
-1639 1448
-1718 6328
5193 14058
-8939 -947
3
4679 12259
6752 13907
13737 14315
-12521 16009
1
-16265 -1117
-642 427
0
-4622 10394
0
-15147 -12539
1
-3524 7922
-13693 16136
3
-15938 1757
-12101 -4613
-1204 4986
-14191 2254
1
-6305 11568
-10840 13869
3
-7111 -49
3213 12040
-3640 -325
-12481 8382
1
-16035 -1652
-2326 946
1
-11292 4180
-1207 14374
3
-14013 -13694
6875 7073
-10687 3384
6083 10454
3
-14479 -538
-8597 -1800
-16325 5432
3429 11765
1
7360 7607
12484 14122
3
-14630 -11479
8746 12530
-11046 6633
-6265 -1541
0
-6058 8387
1
8761 9500
145 4054
1
-16024 -3959
-15619 -774
3
-14380 -389
-3373 2668
-13785 -615
127 14191
0
1434 1984
1
5267 5323
-16094 -10793
2
-4695 12266
1961 15493
1912 5994
1
-2330 1878
-14286 14962
1
-6390 4648
-11462 9409
0
-978 10773
0
4152 9676
1
2638 11900
-2070 319
0
-6056 14105
1
4396 9449
-4050 11010
0
-14697 -10017
3
-10432 -3408
-7430 -844
-16164 -410
7075 15944
0
4115 9461
3
489 9034
-2067 3781
-14936 -1965
-15385 -14656
3
-2209 459
-15674 7863
-9503 15478
-13321 1936
3
-3757 10828
-10316 7959
2040 10837
-1798 8692
3
2751 15917
4960 10294
1588 12504
-8351 7573
3
-6508 6913
-4353 6520
-14014 -11339
2940 14682
1
-12844 -6963
-4864 16358
1
-11548 16225
-12312 12479
1
-7672 13479
-6721 4433
2
-15113 2418
-5860 -4160
-9785 -7638
2
-9071 14270
-13629 1663
-15696 -803
3
-2418 -463
-10169 5319
-3420 7932
-7818 13923
3
2120 12294
-9407 -5012
8780 14776
-13498 1330
1
-16127 -7787
-2849 4355
2
-5435 15446
-15157 -12064
-13793 13667
0
-9725 -7024
3
2692 11662
-692 11811
-15571 6442
-15525 -8682
1
-13570 273
-335 8851
2
-13306 11312
-9791 -7281
-13663 7816
3
-13158 -5258
-12662 3404
5751 11465
-9841 -312
2
-8305 2001
-10658 -10547
-4803 2852
3
-10971 6629
-8662 -8182
-9352 -3934
-10145 7502
3
304 16089
-6275 4922
1005 5569
2473 5944
0
-10486 9375
2
3019 7938
-8171 15015
-4466 476
1
-7455 -600
-15887 -3130
1
-10797 10293
-14144 -3216
0
-11971 15705
3
-14794 2749
-3185 13138
3481 3637
-14935 -1813
0
-9890 -4349
3
-9248 -3544
10169 16153
-6570 14161
-8689 -115
2
-9215 5434
-15838 -4455
